,channel_1,channel_2,connectivity
0,0,0,0.0
1,0,1,0.24385992286476812
2,0,2,0.15901119053795734
3,0,3,0.21936871908946057
4,0,4,0.22316402002592484
5,0,5,0.17411848071549507
6,0,6,0.2627963349385292
7,0,7,0.24513839842556315
8,0,8,0.2662029830038392
9,0,9,0.23474319554697512
10,0,10,0.2419765222163772
11,0,11,0.22945445849683832
12,0,12,0.19200014144033287
13,0,13,0.3605361983826309
14,0,14,0.23766281351845867
15,0,15,0.19640505414332435
16,0,16,0.15833762455187203
17,0,17,0.21884215873126037
18,0,18,0.22943864271245934
19,0,19,0.21078314266705447
20,0,20,0.20220994769891665
21,0,21,0.16610368435788966
22,0,22,0.16651572131547854
23,0,23,0.19676517743837155
24,0,24,0.1774996187063584
25,0,25,0.19282492748790545
26,0,26,0.1769216805214203
27,0,27,0.26882044323485454
28,0,28,0.2173712363217152
29,0,29,0.16881883572286446
30,0,30,0.191960888672185
31,0,31,0.2291086589338256
32,0,32,0.22766168188367916
33,0,33,0.21175902103368224
34,0,34,0.21515838227959486
35,0,35,0.17182641327680437
36,0,36,0.20537796634576844
37,0,37,0.18548404380623396
38,0,38,0.22370982380428225
39,0,39,0.28208678520811264
40,0,40,0.30158021942880275
41,0,41,0.23842204353791924
42,0,42,0.25989623699470904
43,0,43,0.1765360622728008
44,0,44,0.28229107077574617
45,0,45,0.20636165868680553
46,0,46,0.2557513528616882
47,0,47,0.1856607328303025
48,0,48,0.25003915658756926
49,0,49,0.1993221455185818
50,0,50,0.18883854151878815
51,0,51,0.202214609815608
52,0,52,0.18373295301066253
53,0,53,0.20620779779235762
54,0,54,0.20814103200497475
55,0,55,0.28893947078094856
56,0,56,0.20384036438635775
57,0,57,0.20588260968744157
58,0,58,0.2191044341084496
59,0,59,0.20056890378885073
60,0,60,0.18181957421431938
61,0,61,0.1864643266465166
62,0,62,0.2092123333544757
63,0,63,0.18606440466267382
64,1,0,0.24385992286476812
65,1,1,0.0
66,1,2,0.1707315838183119
67,1,3,0.21787777478378237
68,1,4,0.23964793983969165
69,1,5,0.23318742092447609
70,1,6,0.22426615184283075
71,1,7,0.2667222478084486
72,1,8,0.2684852612973856
73,1,9,0.1690107468208973
74,1,10,0.23717530993865898
75,1,11,0.2670914925189431
76,1,12,0.23764596408847852
77,1,13,0.3454779978049672
78,1,14,0.2912162806411281
79,1,15,0.23196496776041706
80,1,16,0.23161502627155597
81,1,17,0.2049249811229534
82,1,18,0.18402391831873485
83,1,19,0.21489544940748165
84,1,20,0.21183282871386386
85,1,21,0.16784853674974434
86,1,22,0.2048002883212443
87,1,23,0.17447506687947306
88,1,24,0.24172139430999026
89,1,25,0.2090093777318321
90,1,26,0.25194353633441474
91,1,27,0.19108489590744873
92,1,28,0.21061006725043616
93,1,29,0.2339356151245068
94,1,30,0.2323004641642498
95,1,31,0.2549359654574011
96,1,32,0.22285559204390187
97,1,33,0.24528497409598943
98,1,34,0.2667866730871468
99,1,35,0.21050698222301362
100,1,36,0.16213011783540746
101,1,37,0.19935737139369616
102,1,38,0.21528632575386758
103,1,39,0.219405874631779
104,1,40,0.24396231794685805
105,1,41,0.24161749415918674
106,1,42,0.21154649166547745
107,1,43,0.20311952431556177
108,1,44,0.20867044473154103
109,1,45,0.20036675510178945
110,1,46,0.22760470864893245
111,1,47,0.2590100546854385
112,1,48,0.24102312246028826
113,1,49,0.1892267498505045
114,1,50,0.1753703062481986
115,1,51,0.20477447009517413
116,1,52,0.19078854033348022
117,1,53,0.21109756084560907
118,1,54,0.2290978199764008
119,1,55,0.22446540770302645
120,1,56,0.19980599009022482
121,1,57,0.233740761897687
122,1,58,0.193372878966564
123,1,59,0.17154063023552127
124,1,60,0.21748775204352375
125,1,61,0.24925487656012688
126,1,62,0.2042560830197726
127,1,63,0.25911040065418905
128,2,0,0.15901119053795734
129,2,1,0.1707315838183119
130,2,2,0.0
131,2,3,0.21942998158159305
132,2,4,0.21484096360686225
133,2,5,0.2256095913914432
134,2,6,0.2168786829253161
135,2,7,0.23872754210828698
136,2,8,0.19424560431349042
137,2,9,0.21874213652221355
138,2,10,0.2644408770724704
139,2,11,0.24841772793761163
140,2,12,0.20725006171546548
141,2,13,0.2625766610921801
142,2,14,0.20797454666691717
143,2,15,0.23873699873137494
144,2,16,0.2296373677234557
145,2,17,0.18741706262507113
146,2,18,0.16046699389887342
147,2,19,0.18554860918121036
148,2,20,0.18222412677772987
149,2,21,0.1964854359473278
150,2,22,0.17510217300070066
151,2,23,0.22681125059485438
152,2,24,0.26831940583812436
153,2,25,0.18911930013398007
154,2,26,0.21825711001044093
155,2,27,0.18839432720521487
156,2,28,0.21690072707907332
157,2,29,0.21139638485713416
158,2,30,0.19906715136336955
159,2,31,0.20027731526779166
160,2,32,0.20322760653978522
161,2,33,0.21868422356284886
162,2,34,0.24185769819106076
163,2,35,0.19585303989683114
164,2,36,0.18655085938054078
165,2,37,0.24129312272510708
166,2,38,0.21047886733911314
167,2,39,0.22634787757092223
168,2,40,0.18240680385518807
169,2,41,0.23032675071205658
170,2,42,0.18524754282658573
171,2,43,0.16725503873118328
172,2,44,0.20630866815472504
173,2,45,0.21548811087988942
174,2,46,0.24158997988237307
175,2,47,0.23275995614505474
176,2,48,0.2540449903487781
177,2,49,0.1937477418576214
178,2,50,0.17613936773961497
179,2,51,0.22230355445997244
180,2,52,0.1776136252541417
181,2,53,0.20328935319489497
182,2,54,0.1999359895503219
183,2,55,0.2025258459786719
184,2,56,0.22810028508516028
185,2,57,0.16755829799687783
186,2,58,0.20394769783294134
187,2,59,0.17806173086076083
188,2,60,0.16853670012653063
189,2,61,0.20264001294886058
190,2,62,0.22372088487774686
191,2,63,0.19375600072920734
192,3,0,0.21936871908946057
193,3,1,0.21787777478378237
194,3,2,0.21942998158159305
195,3,3,0.0
196,3,4,0.21583165889815217
197,3,5,0.22182041481247447
198,3,6,0.22118392569312822
199,3,7,0.21337300963607084
200,3,8,0.21669285506825756
201,3,9,0.21904087710315512
202,3,10,0.18880886921847045
203,3,11,0.22487715050886323
204,3,12,0.2687837480081852
205,3,13,0.2967147312031328
206,3,14,0.21411256145593455
207,3,15,0.24533308427219228
208,3,16,0.30421272012116163
209,3,17,0.2756867329760095
210,3,18,0.17621885513027155
211,3,19,0.16669742081846733
212,3,20,0.2119049422584486
213,3,21,0.28514063573586235
214,3,22,0.21975972094044693
215,3,23,0.18591239600862344
216,3,24,0.1874440619239741
217,3,25,0.2042174743424758
218,3,26,0.2425685729136599
219,3,27,0.17652381739921785
220,3,28,0.22724302106199418
221,3,29,0.2141670038201258
222,3,30,0.17185645839898342
223,3,31,0.22711915571577676
224,3,32,0.21998656453270815
225,3,33,0.2216873958226722
226,3,34,0.2147053618264241
227,3,35,0.23590678704568682
228,3,36,0.23748802131856242
229,3,37,0.22138083200695588
230,3,38,0.2424404243701342
231,3,39,0.22092520852835476
232,3,40,0.18976856082563398
233,3,41,0.18958903810719901
234,3,42,0.20210721887789826
235,3,43,0.18868650882696486
236,3,44,0.18769025019635202
237,3,45,0.20498515585988505
238,3,46,0.2053291786305423
239,3,47,0.222652821754043
240,3,48,0.1870207043609143
241,3,49,0.1906877281690419
242,3,50,0.23236916578877018
243,3,51,0.19581080941159307
244,3,52,0.22160955465757035
245,3,53,0.21784099774251475
246,3,54,0.23904860185625268
247,3,55,0.16556823433331508
248,3,56,0.24218544563241223
249,3,57,0.20691080711934742
250,3,58,0.21377307925433095
251,3,59,0.2472692236459938
252,3,60,0.19066256523153363
253,3,61,0.23789465637781157
254,3,62,0.2554039787320973
255,3,63,0.23160568305380078
256,4,0,0.22316402002592484
257,4,1,0.23964793983969165
258,4,2,0.21484096360686225
259,4,3,0.21583165889815217
260,4,4,0.0
261,4,5,0.24199591696461661
262,4,6,0.2616743839515682
263,4,7,0.2323491145840499
264,4,8,0.2562807924505042
265,4,9,0.2312342747721142
266,4,10,0.2159938818593274
267,4,11,0.19670455042902868
268,4,12,0.257379568141188
269,4,13,0.30196217551542553
270,4,14,0.22174709797334277
271,4,15,0.20551665885988948
272,4,16,0.2614128334798643
273,4,17,0.20483305760285148
274,4,18,0.18461711406483408
275,4,19,0.17845704465607098
276,4,20,0.1692865259650558
277,4,21,0.22471509484396482
278,4,22,0.2019046937897492
279,4,23,0.21301008453738246
280,4,24,0.20271283074085522
281,4,25,0.19041009630293512
282,4,26,0.20115820389261496
283,4,27,0.21654395367104126
284,4,28,0.1992816255376677
285,4,29,0.20965045759420525
286,4,30,0.2421009058408356
287,4,31,0.26421316197826067
288,4,32,0.21743402407605353
289,4,33,0.2254824572452645
290,4,34,0.1775464671739988
291,4,35,0.22999655099756425
292,4,36,0.20205749119106872
293,4,37,0.2046384985406513
294,4,38,0.17485591426040348
295,4,39,0.20541349014179733
296,4,40,0.21885380825382822
297,4,41,0.2019750876785999
298,4,42,0.1778358561120875
299,4,43,0.2778738700766141
300,4,44,0.22353949276489649
301,4,45,0.18945468540581187
302,4,46,0.22465274895760992
303,4,47,0.21059494724820355
304,4,48,0.21161139730153877
305,4,49,0.20173404059598052
306,4,50,0.2478687488892825
307,4,51,0.17233167026313442
308,4,52,0.22594696291276015
309,4,53,0.22296342114972012
310,4,54,0.2515932419206411
311,4,55,0.23943498083358203
312,4,56,0.23254750375565997
313,4,57,0.24121348183381278
314,4,58,0.20789851024095088
315,4,59,0.18867920577188735
316,4,60,0.1745162927047982
317,4,61,0.19080975417395113
318,4,62,0.24014150654689917
319,4,63,0.22350365476755682
320,5,0,0.17411848071549507
321,5,1,0.23318742092447609
322,5,2,0.2256095913914432
323,5,3,0.22182041481247447
324,5,4,0.24199591696461661
325,5,5,0.0
326,5,6,0.20944007818271373
327,5,7,0.1832816095532585
328,5,8,0.22388377514175115
329,5,9,0.21238948029593738
330,5,10,0.21664703110755437
331,5,11,0.17800567691493438
332,5,12,0.22948598537013987
333,5,13,0.2142488269870118
334,5,14,0.19845661599558168
335,5,15,0.2034219739021511
336,5,16,0.20454966302911023
337,5,17,0.20696571839121827
338,5,18,0.18353998205544747
339,5,19,0.1825342670378107
340,5,20,0.20883840169330412
341,5,21,0.217451029140499
342,5,22,0.20431052597156962
343,5,23,0.20482507975535325
344,5,24,0.2346656200345393
345,5,25,0.19340240182247528
346,5,26,0.23101222220914885
347,5,27,0.21106018709549418
348,5,28,0.1767461896894305
349,5,29,0.1691305924093405
350,5,30,0.20007964549481963
351,5,31,0.18416415047496743
352,5,32,0.19649165091482307
353,5,33,0.23919313965877748
354,5,34,0.21866444226789342
355,5,35,0.22491642620757438
356,5,36,0.1748538497183644
357,5,37,0.22485467622155603
358,5,38,0.1950312412909509
359,5,39,0.18512386834733927
360,5,40,0.21711676987137882
361,5,41,0.14823678258283457
362,5,42,0.15821935882241045
363,5,43,0.18058951639077053
364,5,44,0.18589131984831606
365,5,45,0.17071167911435794
366,5,46,0.22654074325975893
367,5,47,0.21739572042851063
368,5,48,0.23274645210256778
369,5,49,0.19146996898895974
370,5,50,0.2010841561413227
371,5,51,0.20318055924179076
372,5,52,0.19165826708271305
373,5,53,0.20526189240739828
374,5,54,0.1808736724697371
375,5,55,0.19810165554367187
376,5,56,0.19083768006810575
377,5,57,0.22056043279129006
378,5,58,0.20308161199022826
379,5,59,0.18481115796670414
380,5,60,0.2112826725517227
381,5,61,0.18311648880583253
382,5,62,0.20930318562443384
383,5,63,0.20114632453359196
384,6,0,0.2627963349385292
385,6,1,0.22426615184283075
386,6,2,0.2168786829253161
387,6,3,0.22118392569312822
388,6,4,0.2616743839515682
389,6,5,0.20944007818271373
390,6,6,0.0
391,6,7,0.3353697594146569
392,6,8,0.28370776040266255
393,6,9,0.26821160528982474
394,6,10,0.24081291469495306
395,6,11,0.2329158950290365
396,6,12,0.2689214589912207
397,6,13,0.38004451817615237
398,6,14,0.22906138491807213
399,6,15,0.253834113164966
400,6,16,0.2809274699765779
401,6,17,0.2521177906345984
402,6,18,0.24007778306177804
403,6,19,0.23066652227289855
404,6,20,0.25435903323307096
405,6,21,0.21799870995310316
406,6,22,0.3197392491378146
407,6,23,0.24302379225023224
408,6,24,0.2675213195052045
409,6,25,0.2195414674574494
410,6,26,0.25323208762932686
411,6,27,0.2205975086730806
412,6,28,0.21505276656316633
413,6,29,0.23325526554851553
414,6,30,0.2241762900782342
415,6,31,0.23188537357580713
416,6,32,0.23214004527360296
417,6,33,0.20964258056348564
418,6,34,0.22657517202036978
419,6,35,0.26134795824702595
420,6,36,0.2323240494593363
421,6,37,0.24981486569408085
422,6,38,0.23747937503370298
423,6,39,0.2505552294387926
424,6,40,0.2174613260667504
425,6,41,0.21071182911517392
426,6,42,0.18241292249638869
427,6,43,0.2174111423523002
428,6,44,0.23569799739628144
429,6,45,0.1891108127426514
430,6,46,0.2454112640181084
431,6,47,0.24472895356489577
432,6,48,0.21873851893767596
433,6,49,0.2251378485800172
434,6,50,0.2562220376458896
435,6,51,0.25178445751383194
436,6,52,0.27345157092859046
437,6,53,0.2413328216602183
438,6,54,0.28150600798072783
439,6,55,0.25560052820303136
440,6,56,0.24003398239419824
441,6,57,0.28839497105470374
442,6,58,0.21546930852291413
443,6,59,0.25135353526095194
444,6,60,0.25097600054591385
445,6,61,0.2899301925618944
446,6,62,0.2384638166694135
447,6,63,0.29366385520189675
448,7,0,0.24513839842556315
449,7,1,0.2667222478084486
450,7,2,0.23872754210828698
451,7,3,0.21337300963607084
452,7,4,0.2323491145840499
453,7,5,0.1832816095532585
454,7,6,0.3353697594146569
455,7,7,0.0
456,7,8,0.231339479441012
457,7,9,0.19847446780234865
458,7,10,0.22023589815165392
459,7,11,0.23782627303175313
460,7,12,0.1937664638616291
461,7,13,0.2437668387977634
462,7,14,0.4215051181352999
463,7,15,0.2409306742138205
464,7,16,0.24339737086221
465,7,17,0.24715727869129012
466,7,18,0.22424714951509325
467,7,19,0.22134510221766224
468,7,20,0.20151517891655937
469,7,21,0.26430338147296684
470,7,22,0.2732338276636334
471,7,23,0.20991479727194093
472,7,24,0.21262727931698697
473,7,25,0.1944103770363148
474,7,26,0.22126047989632516
475,7,27,0.2613006738687305
476,7,28,0.25259390158146183
477,7,29,0.18145933090075705
478,7,30,0.2158536245675734
479,7,31,0.21532926350082582
480,7,32,0.21484995750487115
481,7,33,0.23704089497123532
482,7,34,0.23179014170193485
483,7,35,0.23808384277971575
484,7,36,0.22613702786426146
485,7,37,0.29050856712023126
486,7,38,0.2487085792800978
487,7,39,0.23269860801425057
488,7,40,0.2589428761218244
489,7,41,0.2982001401809467
490,7,42,0.2116044275263072
491,7,43,0.18443468877750088
492,7,44,0.21340402725318225
493,7,45,0.1863183553181484
494,7,46,0.25418391443477234
495,7,47,0.32038573055560265
496,7,48,0.2662920847019838
497,7,49,0.23482497645841113
498,7,50,0.18900016388540095
499,7,51,0.22376197353099755
500,7,52,0.21577275936150922
501,7,53,0.1548497809025194
502,7,54,0.22374006148804626
503,7,55,0.3012583721100269
504,7,56,0.2005244290295832
505,7,57,0.25116246970332307
506,7,58,0.18283917894053364
507,7,59,0.22517485198694107
508,7,60,0.23391732772618226
509,7,61,0.2121464361002392
510,7,62,0.19400165202556177
511,7,63,0.2299597459296031
512,8,0,0.2662029830038392
513,8,1,0.2684852612973856
514,8,2,0.19424560431349042
515,8,3,0.21669285506825756
516,8,4,0.2562807924505042
517,8,5,0.22388377514175115
518,8,6,0.28370776040266255
519,8,7,0.231339479441012
520,8,8,0.0
521,8,9,0.19555857769170432
522,8,10,0.231782373483776
523,8,11,0.19784841509887927
524,8,12,0.1991241493533185
525,8,13,0.226601937004046
526,8,14,0.3124609856452808
527,8,15,0.2359040997251079
528,8,16,0.24268181446091405
529,8,17,0.2601539274813457
530,8,18,0.18120732360712438
531,8,19,0.17518655122135848
532,8,20,0.19932937332336378
533,8,21,0.2123354034598072
534,8,22,0.22670503433244882
535,8,23,0.17710085219496344
536,8,24,0.1982546960445844
537,8,25,0.16796099873241288
538,8,26,0.22669829287796542
539,8,27,0.2619390695128325
540,8,28,0.2664026189643816
541,8,29,0.18980376426771442
542,8,30,0.1887822348412108
543,8,31,0.2415493462807837
544,8,32,0.24421846393922028
545,8,33,0.20977156447283277
546,8,34,0.2046836743219501
547,8,35,0.24653867742776464
548,8,36,0.18030407927038372
549,8,37,0.2118567023036824
550,8,38,0.17856489197437703
551,8,39,0.19035710395905098
552,8,40,0.27233017922952185
553,8,41,0.22937785551406598
554,8,42,0.24139102265174045
555,8,43,0.17924542642878524
556,8,44,0.177529352746547
557,8,45,0.21007236268878735
558,8,46,0.25481448081156516
559,8,47,0.2577927248124
560,8,48,0.20491893390696284
561,8,49,0.1595036322811325
562,8,50,0.17443158397502187
563,8,51,0.17632248216792307
564,8,52,0.230878278413474
565,8,53,0.178792301027023
566,8,54,0.22472818667795907
567,8,55,0.2639656893671955
568,8,56,0.18573229056163976
569,8,57,0.24879189008710578
570,8,58,0.18536426983987822
571,8,59,0.2509165688833109
572,8,60,0.21333526812474837
573,8,61,0.29333947686902695
574,8,62,0.21077290711894817
575,8,63,0.21725672880712632
576,9,0,0.23474319554697512
577,9,1,0.1690107468208973
578,9,2,0.21874213652221355
579,9,3,0.21904087710315512
580,9,4,0.2312342747721142
581,9,5,0.21238948029593738
582,9,6,0.26821160528982474
583,9,7,0.19847446780234865
584,9,8,0.19555857769170432
585,9,9,0.0
586,9,10,0.22472231499160963
587,9,11,0.20279409337389703
588,9,12,0.18870583531333243
589,9,13,0.29416966078517126
590,9,14,0.22660306390314008
591,9,15,0.22088467348729565
592,9,16,0.2642092874078529
593,9,17,0.16894564990153457
594,9,18,0.1565482299600459
595,9,19,0.20010007836693755
596,9,20,0.15666309640583806
597,9,21,0.22640091089347758
598,9,22,0.22429998192084408
599,9,23,0.2804049880734359
600,9,24,0.22540622581515818
601,9,25,0.1869469607873529
602,9,26,0.19555071592305218
603,9,27,0.22851217148566985
604,9,28,0.18249346717441628
605,9,29,0.2204181939145035
606,9,30,0.20511633793618336
607,9,31,0.2378818559066084
608,9,32,0.18606641830963824
609,9,33,0.17576808124922064
610,9,34,0.2491649078174773
611,9,35,0.23542155137762696
612,9,36,0.1840876517361532
613,9,37,0.1920361599902281
614,9,38,0.2047795695444174
615,9,39,0.22615538162008894
616,9,40,0.19131314238518934
617,9,41,0.23213404044360733
618,9,42,0.18964608266300403
619,9,43,0.15706847763563211
620,9,44,0.19804571304709082
621,9,45,0.25017508496557134
622,9,46,0.20928123922719258
623,9,47,0.23205346455617115
624,9,48,0.24258507622940015
625,9,49,0.24469495730270716
626,9,50,0.23793580199136818
627,9,51,0.20636715978173079
628,9,52,0.18373711085811417
629,9,53,0.20430084717427183
630,9,54,0.2336631482266319
631,9,55,0.1961873747958458
632,9,56,0.2912747270229139
633,9,57,0.2240730211315137
634,9,58,0.1863617872420126
635,9,59,0.20636322166875687
636,9,60,0.19210912292703866
637,9,61,0.18027951837016265
638,9,62,0.22290281698605388
639,9,63,0.22578542608436666
640,10,0,0.2419765222163772
641,10,1,0.23717530993865898
642,10,2,0.2644408770724704
643,10,3,0.18880886921847045
644,10,4,0.2159938818593274
645,10,5,0.21664703110755437
646,10,6,0.24081291469495306
647,10,7,0.22023589815165392
648,10,8,0.231782373483776
649,10,9,0.22472231499160963
650,10,10,0.0
651,10,11,0.2190410775123664
652,10,12,0.2899097279505729
653,10,13,0.2845844839355237
654,10,14,0.2744865468732904
655,10,15,0.2315552581471889
656,10,16,0.2930833664216965
657,10,17,0.2250202265878057
658,10,18,0.20122744231208586
659,10,19,0.19039015497608358
660,10,20,0.22417811695567333
661,10,21,0.2690234174852604
662,10,22,0.2157004899642225
663,10,23,0.23019131321388717
664,10,24,0.24009301360978766
665,10,25,0.19458220685892927
666,10,26,0.233692269036786
667,10,27,0.22261658046780103
668,10,28,0.17457543082421664
669,10,29,0.20736799074546436
670,10,30,0.20200186539635326
671,10,31,0.2677390044579569
672,10,32,0.22024649462674686
673,10,33,0.20407596099410988
674,10,34,0.22052365865592025
675,10,35,0.21295912224826377
676,10,36,0.2584556878474591
677,10,37,0.27168560253552326
678,10,38,0.2461347751826772
679,10,39,0.18658831879278495
680,10,40,0.15945166608044795
681,10,41,0.2164089261688928
682,10,42,0.2033308523702464
683,10,43,0.18292233415968037
684,10,44,0.16264133154769359
685,10,45,0.23661178870046942
686,10,46,0.2151224449387794
687,10,47,0.24245383645531984
688,10,48,0.2001566539588451
689,10,49,0.1860754269782593
690,10,50,0.24713280945834448
691,10,51,0.21560279349942868
692,10,52,0.217662389839718
693,10,53,0.20771294397950996
694,10,54,0.25674818924338744
695,10,55,0.19938803741310918
696,10,56,0.27369843325744625
697,10,57,0.20783674684680306
698,10,58,0.17704381671031266
699,10,59,0.21138511473775948
700,10,60,0.2326893732352355
701,10,61,0.2205430440767009
702,10,62,0.250293619376729
703,10,63,0.23513139358636861
704,11,0,0.22945445849683832
705,11,1,0.2670914925189431
706,11,2,0.24841772793761163
707,11,3,0.22487715050886323
708,11,4,0.19670455042902868
709,11,5,0.17800567691493438
710,11,6,0.2329158950290365
711,11,7,0.23782627303175313
712,11,8,0.19784841509887927
713,11,9,0.20279409337389703
714,11,10,0.2190410775123664
715,11,11,0.0
716,11,12,0.2642989330577768
717,11,13,0.31436213858091105
718,11,14,0.2285538823406423
719,11,15,0.24133930094218253
720,11,16,0.27556882333160126
721,11,17,0.21878815113916858
722,11,18,0.1913705053714926
723,11,19,0.18613941546393944
724,11,20,0.1661583886822456
725,11,21,0.256568286861415
726,11,22,0.1670466432554548
727,11,23,0.18879779419907247
728,11,24,0.1962285452216568
729,11,25,0.22842760136983556
730,11,26,0.2530387370909837
731,11,27,0.20344359691135352
732,11,28,0.1662603042249402
733,11,29,0.22448297285555285
734,11,30,0.22529640435705037
735,11,31,0.22770218916540133
736,11,32,0.2277384932908308
737,11,33,0.20622799175119585
738,11,34,0.2374574681812266
739,11,35,0.2240440161816014
740,11,36,0.2656048616119949
741,11,37,0.2559310452025903
742,11,38,0.2588161343080064
743,11,39,0.17219766920950272
744,11,40,0.21020235130432888
745,11,41,0.20831886343499997
746,11,42,0.19233832847113766
747,11,43,0.22754168057906002
748,11,44,0.20355106709463278
749,11,45,0.2490866771846656
750,11,46,0.25165257331785634
751,11,47,0.2041687014947138
752,11,48,0.1849894829548134
753,11,49,0.1999678108271321
754,11,50,0.24534611624269304
755,11,51,0.18012776326383872
756,11,52,0.2196354050459851
757,11,53,0.2016030563565217
758,11,54,0.25189934509709827
759,11,55,0.17664422762229776
760,11,56,0.24211937933905658
761,11,57,0.22052622850364811
762,11,58,0.19567773696448856
763,11,59,0.19450030700289653
764,11,60,0.21756988351607068
765,11,61,0.21407468416078446
766,11,62,0.21017238278376957
767,11,63,0.23107061612758226
768,12,0,0.19200014144033287
769,12,1,0.23764596408847852
770,12,2,0.20725006171546548
771,12,3,0.2687837480081852
772,12,4,0.257379568141188
773,12,5,0.22948598537013987
774,12,6,0.2689214589912207
775,12,7,0.1937664638616291
776,12,8,0.1991241493533185
777,12,9,0.18870583531333243
778,12,10,0.2899097279505729
779,12,11,0.2642989330577768
780,12,12,0.0
781,12,13,0.1800943289705007
782,12,14,0.272465987236359
783,12,15,0.19630141231036285
784,12,16,0.22582580493937532
785,12,17,0.27954431083252657
786,12,18,0.21818887110080976
787,12,19,0.19003334712216532
788,12,20,0.2015415498291512
789,12,21,0.22085055168666828
790,12,22,0.2047720910903665
791,12,23,0.19321466672670823
792,12,24,0.2694125096613028
793,12,25,0.22094275030674168
794,12,26,0.29787113326589465
795,12,27,0.18385521970485744
796,12,28,0.21329393551917172
797,12,29,0.21884738038772455
798,12,30,0.22877269661732402
799,12,31,0.23640304764283465
800,12,32,0.16357453991880597
801,12,33,0.18491479557595208
802,12,34,0.214129713335756
803,12,35,0.21915234539579226
804,12,36,0.1781260267178069
805,12,37,0.21140109583161953
806,12,38,0.1864575592002992
807,12,39,0.2073779057672013
808,12,40,0.22942569324118112
809,12,41,0.25510068181378537
810,12,42,0.22783050614988343
811,12,43,0.20383795173805158
812,12,44,0.18251987911199843
813,12,45,0.20145501023269316
814,12,46,0.2803876637574495
815,12,47,0.26962427510537623
816,12,48,0.23048790768117286
817,12,49,0.20743000431744962
818,12,50,0.1834317678119236
819,12,51,0.22176726577721512
820,12,52,0.2106283905837076
821,12,53,0.20585901915762217
822,12,54,0.21943118195486405
823,12,55,0.23288117750689646
824,12,56,0.2501697524397205
825,12,57,0.22238262365741382
826,12,58,0.17299304551089834
827,12,59,0.1983782328051674
828,12,60,0.18025491509476627
829,12,61,0.1525227996107063
830,12,62,0.202096902377799
831,12,63,0.20817461258124015
832,13,0,0.3605361983826309
833,13,1,0.3454779978049672
834,13,2,0.2625766610921801
835,13,3,0.2967147312031328
836,13,4,0.30196217551542553
837,13,5,0.2142488269870118
838,13,6,0.38004451817615237
839,13,7,0.2437668387977634
840,13,8,0.226601937004046
841,13,9,0.29416966078517126
842,13,10,0.2845844839355237
843,13,11,0.31436213858091105
844,13,12,0.1800943289705007
845,13,13,0.0
846,13,14,0.5962540224101713
847,13,15,0.2107833452464383
848,13,16,0.25127903176682964
849,13,17,0.332724520053617
850,13,18,0.2607500253159374
851,13,19,0.22433179440954013
852,13,20,0.21636776731286572
853,13,21,0.35050268540364027
854,13,22,0.2135574288012459
855,13,23,0.20571497361983063
856,13,24,0.24369052907068747
857,13,25,0.18509150189488202
858,13,26,0.3131018483419248
859,13,27,0.2615213853025419
860,13,28,0.3129491209224225
861,13,29,0.21324434170520803
862,13,30,0.25260702574080307
863,13,31,0.32168872508228286
864,13,32,0.23040270188489972
865,13,33,0.2445245561369552
866,13,34,0.2511677455310804
867,13,35,0.23937758467897507
868,13,36,0.2768272058216276
869,13,37,0.33946454911625795
870,13,38,0.29554489133029355
871,13,39,0.2333392918308355
872,13,40,0.3317649245481058
873,13,41,0.2981117388804838
874,13,42,0.33273126272065656
875,13,43,0.18772208778820235
876,13,44,0.2347158904593726
877,13,45,0.17254191582323436
878,13,46,0.36171592166480565
879,13,47,0.4518324814202761
880,13,48,0.28798752197897437
881,13,49,0.2627543345950519
882,13,50,0.18475998101849136
883,13,51,0.203306885298509
884,13,52,0.21011757772464773
885,13,53,0.17363662912605107
886,13,54,0.19917170269694162
887,13,55,0.3679934636582703
888,13,56,0.1689415899183265
889,13,57,0.36679277749556344
890,13,58,0.22607954158983715
891,13,59,0.21412362465849463
892,13,60,0.2571422991048964
893,13,61,0.23372321538434782
894,13,62,0.15414320501130513
895,13,63,0.2187528561927702
896,14,0,0.23766281351845867
897,14,1,0.2912162806411281
898,14,2,0.20797454666691717
899,14,3,0.21411256145593455
900,14,4,0.22174709797334277
901,14,5,0.19845661599558168
902,14,6,0.22906138491807213
903,14,7,0.4215051181352999
904,14,8,0.3124609856452808
905,14,9,0.22660306390314008
906,14,10,0.2744865468732904
907,14,11,0.2285538823406423
908,14,12,0.272465987236359
909,14,13,0.5962540224101713
910,14,14,0.0
911,14,15,0.3315365605773948
912,14,16,0.3661601749419979
913,14,17,0.30082410938150345
914,14,18,0.240199979165913
915,14,19,0.2352033285427371
916,14,20,0.19676031061303514
917,14,21,0.213327734236033
918,14,22,0.2295624385372779
919,14,23,0.22368423791394287
920,14,24,0.16331446218488743
921,14,25,0.18621988494984718
922,14,26,0.2334701005732923
923,14,27,0.21808094727193456
924,14,28,0.21741876922899905
925,14,29,0.2049144461402801
926,14,30,0.2482058551900227
927,14,31,0.23286794532320235
928,14,32,0.3078675222930595
929,14,33,0.23068275290271928
930,14,34,0.29289824876351095
931,14,35,0.29457305649865273
932,14,36,0.21840869110560215
933,14,37,0.22527244129172858
934,14,38,0.23382260162854496
935,14,39,0.25116913548076836
936,14,40,0.21308408512042706
937,14,41,0.2296235763529121
938,14,42,0.23097153285337554
939,14,43,0.16630081825833057
940,14,44,0.23075221459062464
941,14,45,0.20862119191025377
942,14,46,0.21554600811250313
943,14,47,0.20258777112862916
944,14,48,0.21528796625727428
945,14,49,0.2001151014276728
946,14,50,0.20921239910259867
947,14,51,0.22511913152608698
948,14,52,0.29723646791946484
949,14,53,0.18968298566846084
950,14,54,0.2480677716077764
951,14,55,0.27900499080069113
952,14,56,0.2310779889992112
953,14,57,0.26603052855119325
954,14,58,0.18339220290497102
955,14,59,0.29209316805959074
956,14,60,0.24416924403632348
957,14,61,0.3739298220612188
958,14,62,0.16532240879188417
959,14,63,0.2042163735017342
960,15,0,0.19640505414332435
961,15,1,0.23196496776041706
962,15,2,0.23873699873137494
963,15,3,0.24533308427219228
964,15,4,0.20551665885988948
965,15,5,0.2034219739021511
966,15,6,0.253834113164966
967,15,7,0.2409306742138205
968,15,8,0.2359040997251079
969,15,9,0.22088467348729565
970,15,10,0.2315552581471889
971,15,11,0.24133930094218253
972,15,12,0.19630141231036285
973,15,13,0.2107833452464383
974,15,14,0.3315365605773948
975,15,15,0.0
976,15,16,0.29577857528157975
977,15,17,0.2606197892445889
978,15,18,0.26510141277410193
979,15,19,0.24976126910619242
980,15,20,0.2683006346867948
981,15,21,0.19754871638066746
982,15,22,0.21924181255281897
983,15,23,0.24779467131425803
984,15,24,0.21826045926276166
985,15,25,0.22301918551773722
986,15,26,0.18967885853483246
987,15,27,0.2639243326617856
988,15,28,0.1870579120000397
989,15,29,0.15284011113023377
990,15,30,0.2230219613150717
991,15,31,0.19222705299152607
992,15,32,0.20414854589864295
993,15,33,0.2539081018833131
994,15,34,0.22775319936736835
995,15,35,0.2511864411783519
996,15,36,0.21422403824464473
997,15,37,0.2106509344989096
998,15,38,0.26249728923760296
999,15,39,0.28874229419405123
1000,15,40,0.24330928475473856
1001,15,41,0.30356971396741317
1002,15,42,0.2202233899241776
1003,15,43,0.1865755219342021
1004,15,44,0.2529919368057288
1005,15,45,0.19810977511059805
1006,15,46,0.25995687275780466
1007,15,47,0.29753597898511647
1008,15,48,0.2265955832736276
1009,15,49,0.235377130871685
1010,15,50,0.16542931017421877
1011,15,51,0.2131591746010296
1012,15,52,0.2032388176996476
1013,15,53,0.195341387177957
1014,15,54,0.21534331999415887
1015,15,55,0.274746032679478
1016,15,56,0.18828872183047582
1017,15,57,0.18995679837895998
1018,15,58,0.21734708095264388
1019,15,59,0.20770716265945757
1020,15,60,0.2228174366256845
1021,15,61,0.19356716303199298
1022,15,62,0.1864403710003998
1023,15,63,0.1678377992067916
1024,16,0,0.15833762455187203
1025,16,1,0.23161502627155597
1026,16,2,0.2296373677234557
1027,16,3,0.30421272012116163
1028,16,4,0.2614128334798643
1029,16,5,0.20454966302911023
1030,16,6,0.2809274699765779
1031,16,7,0.24339737086221
1032,16,8,0.24268181446091405
1033,16,9,0.2642092874078529
1034,16,10,0.2930833664216965
1035,16,11,0.27556882333160126
1036,16,12,0.22582580493937532
1037,16,13,0.25127903176682964
1038,16,14,0.3661601749419979
1039,16,15,0.29577857528157975
1040,16,16,0.0
1041,16,17,0.23616097462992341
1042,16,18,0.2466911931809271
1043,16,19,0.25477817946387277
1044,16,20,0.2308771188132841
1045,16,21,0.22819839526738248
1046,16,22,0.20956626909468928
1047,16,23,0.2496699668092642
1048,16,24,0.25878849432261825
1049,16,25,0.2443127965992256
1050,16,26,0.26734552768171965
1051,16,27,0.20781013298751336
1052,16,28,0.24559091674088843
1053,16,29,0.23757359177066437
1054,16,30,0.28716464237474093
1055,16,31,0.23657687463250113
1056,16,32,0.19954872010774988
1057,16,33,0.17943337797416106
1058,16,34,0.2909264144509011
1059,16,35,0.18436542605905593
1060,16,36,0.1863850180099745
1061,16,37,0.26412061560444106
1062,16,38,0.22761193504618663
1063,16,39,0.2335991361726885
1064,16,40,0.20894348715698108
1065,16,41,0.264361613074739
1066,16,42,0.19236704732728813
1067,16,43,0.17079405195986838
1068,16,44,0.21184693250211054
1069,16,45,0.2235531961894596
1070,16,46,0.3102765967283175
1071,16,47,0.3023530301393197
1072,16,48,0.25564085829018657
1073,16,49,0.21458112003304364
1074,16,50,0.20681540364658701
1075,16,51,0.1986086814358661
1076,16,52,0.18690874432080962
1077,16,53,0.20394903672414424
1078,16,54,0.23998177390432582
1079,16,55,0.2517853736599017
1080,16,56,0.21420865285522886
1081,16,57,0.2856212244962225
1082,16,58,0.18120225977359905
1083,16,59,0.1937321333205194
1084,16,60,0.1963810352869972
1085,16,61,0.19055293163378906
1086,16,62,0.19489206794292638
1087,16,63,0.16759243289860212
1088,17,0,0.21884215873126037
1089,17,1,0.2049249811229534
1090,17,2,0.18741706262507113
1091,17,3,0.2756867329760095
1092,17,4,0.20483305760285148
1093,17,5,0.20696571839121827
1094,17,6,0.2521177906345984
1095,17,7,0.24715727869129012
1096,17,8,0.2601539274813457
1097,17,9,0.16894564990153457
1098,17,10,0.2250202265878057
1099,17,11,0.21878815113916858
1100,17,12,0.27954431083252657
1101,17,13,0.332724520053617
1102,17,14,0.30082410938150345
1103,17,15,0.2606197892445889
1104,17,16,0.23616097462992341
1105,17,17,0.0
1106,17,18,0.20905486232165335
1107,17,19,0.2188809839544912
1108,17,20,0.19962747311162232
1109,17,21,0.1646517695390195
1110,17,22,0.199860836815931
1111,17,23,0.24005527472160285
1112,17,24,0.2686492374735241
1113,17,25,0.25346986137199357
1114,17,26,0.2977814377676552
1115,17,27,0.20553003106585707
1116,17,28,0.22150549185773016
1117,17,29,0.22566507183041698
1118,17,30,0.24249677078787824
1119,17,31,0.19475256118653578
1120,17,32,0.17702809145615336
1121,17,33,0.2013807278989288
1122,17,34,0.184395959519866
1123,17,35,0.16177572838360543
1124,17,36,0.16157894718514385
1125,17,37,0.15965248183951272
1126,17,38,0.16197959530815761
1127,17,39,0.17771811257958367
1128,17,40,0.23456312948317662
1129,17,41,0.22984642131745955
1130,17,42,0.20256326094380092
1131,17,43,0.22943032643100403
1132,17,44,0.2018931420278137
1133,17,45,0.24911288587888705
1134,17,46,0.23649574002417775
1135,17,47,0.18352946260200173
1136,17,48,0.20035200941911727
1137,17,49,0.24073753941684836
1138,17,50,0.21069145955652918
1139,17,51,0.19276882005826196
1140,17,52,0.24390241883595698
1141,17,53,0.2226583324071855
1142,17,54,0.24526404827979587
1143,17,55,0.21511668506228454
1144,17,56,0.2064515639395372
1145,17,57,0.2831701270383432
1146,17,58,0.2620247899355062
1147,17,59,0.2024402602302986
1148,17,60,0.19083585904409886
1149,17,61,0.2406786059910458
1150,17,62,0.17483683329416794
1151,17,63,0.2222143727755178
1152,18,0,0.22943864271245934
1153,18,1,0.18402391831873485
1154,18,2,0.16046699389887342
1155,18,3,0.17621885513027155
1156,18,4,0.18461711406483408
1157,18,5,0.18353998205544747
1158,18,6,0.24007778306177804
1159,18,7,0.22424714951509325
1160,18,8,0.18120732360712438
1161,18,9,0.1565482299600459
1162,18,10,0.20122744231208586
1163,18,11,0.1913705053714926
1164,18,12,0.21818887110080976
1165,18,13,0.2607500253159374
1166,18,14,0.240199979165913
1167,18,15,0.26510141277410193
1168,18,16,0.2466911931809271
1169,18,17,0.20905486232165335
1170,18,18,0.0
1171,18,19,0.15299517418587816
1172,18,20,0.204298696625355
1173,18,21,0.21052543233867382
1174,18,22,0.20476286313208006
1175,18,23,0.23702254224171926
1176,18,24,0.20642509785284102
1177,18,25,0.22307896627570292
1178,18,26,0.23410390820271032
1179,18,27,0.22400520828227116
1180,18,28,0.18298436203053772
1181,18,29,0.24535190561484743
1182,18,30,0.20428503877073845
1183,18,31,0.24208410917183293
1184,18,32,0.19846360751528486
1185,18,33,0.2321555809817544
1186,18,34,0.23298632215080772
1187,18,35,0.20265410563937733
1188,18,36,0.2123892732772998
1189,18,37,0.21094684239940903
1190,18,38,0.2631491290683455
1191,18,39,0.20144513902372677
1192,18,40,0.22071543639326655
1193,18,41,0.21559015140739937
1194,18,42,0.2487204803561595
1195,18,43,0.20793626142370938
1196,18,44,0.2169856068516239
1197,18,45,0.2108022148313297
1198,18,46,0.21895823357939626
1199,18,47,0.23516574890002762
1200,18,48,0.19795823815709712
1201,18,49,0.17860229530147206
1202,18,50,0.21009941172718594
1203,18,51,0.26491683653992365
1204,18,52,0.18756491040922993
1205,18,53,0.21835460975237242
1206,18,54,0.22580922396639475
1207,18,55,0.19745045366434485
1208,18,56,0.26291871087324364
1209,18,57,0.2039991585604354
1210,18,58,0.18556915916340253
1211,18,59,0.17441474141502167
1212,18,60,0.2270687012048122
1213,18,61,0.18657519191498786
1214,18,62,0.22032585183484502
1215,18,63,0.258688651974496
1216,19,0,0.21078314266705447
1217,19,1,0.21489544940748165
1218,19,2,0.18554860918121036
1219,19,3,0.16669742081846733
1220,19,4,0.17845704465607098
1221,19,5,0.1825342670378107
1222,19,6,0.23066652227289855
1223,19,7,0.22134510221766224
1224,19,8,0.17518655122135848
1225,19,9,0.20010007836693755
1226,19,10,0.19039015497608358
1227,19,11,0.18613941546393944
1228,19,12,0.19003334712216532
1229,19,13,0.22433179440954013
1230,19,14,0.2352033285427371
1231,19,15,0.24976126910619242
1232,19,16,0.25477817946387277
1233,19,17,0.2188809839544912
1234,19,18,0.15299517418587816
1235,19,19,0.0
1236,19,20,0.20794671920507568
1237,19,21,0.26611116386130224
1238,19,22,0.23002801240707157
1239,19,23,0.27499898950476775
1240,19,24,0.20755401770821091
1241,19,25,0.22894245917158162
1242,19,26,0.19311771376867706
1243,19,27,0.1928012004018997
1244,19,28,0.21555693485659277
1245,19,29,0.2567272903528843
1246,19,30,0.17166807105405235
1247,19,31,0.27100555334641924
1248,19,32,0.18747477676592048
1249,19,33,0.245405642508742
1250,19,34,0.24612637780840138
1251,19,35,0.21975310770803147
1252,19,36,0.23708286568158474
1253,19,37,0.2171649169480099
1254,19,38,0.2925589922968396
1255,19,39,0.2775462527026804
1256,19,40,0.23962212635104702
1257,19,41,0.2087012883479106
1258,19,42,0.2026181777945562
1259,19,43,0.1852821826231985
1260,19,44,0.2600493229177688
1261,19,45,0.22240555475475782
1262,19,46,0.2337151525226949
1263,19,47,0.23905104120246487
1264,19,48,0.2666587007752825
1265,19,49,0.17701646700672966
1266,19,50,0.2301065961733319
1267,19,51,0.27490101658594707
1268,19,52,0.16389887309704798
1269,19,53,0.23686409331240058
1270,19,54,0.23522698161734296
1271,19,55,0.21014511763450053
1272,19,56,0.28470997134817017
1273,19,57,0.1902743750166301
1274,19,58,0.19035271501769027
1275,19,59,0.18157662227696736
1276,19,60,0.20236463294368762
1277,19,61,0.17728642572916214
1278,19,62,0.23306224134494744
1279,19,63,0.26482188648026606
1280,20,0,0.20220994769891665
1281,20,1,0.21183282871386386
1282,20,2,0.18222412677772987
1283,20,3,0.2119049422584486
1284,20,4,0.1692865259650558
1285,20,5,0.20883840169330412
1286,20,6,0.25435903323307096
1287,20,7,0.20151517891655937
1288,20,8,0.19932937332336378
1289,20,9,0.15666309640583806
1290,20,10,0.22417811695567333
1291,20,11,0.1661583886822456
1292,20,12,0.2015415498291512
1293,20,13,0.21636776731286572
1294,20,14,0.19676031061303514
1295,20,15,0.2683006346867948
1296,20,16,0.2308771188132841
1297,20,17,0.19962747311162232
1298,20,18,0.204298696625355
1299,20,19,0.20794671920507568
1300,20,20,0.0
1301,20,21,0.22481024590585624
1302,20,22,0.23079410509060982
1303,20,23,0.2551535350431066
1304,20,24,0.2547300996595778
1305,20,25,0.26881006517174294
1306,20,26,0.24634138634662356
1307,20,27,0.2071081012471851
1308,20,28,0.20391388730051524
1309,20,29,0.22344886559371072
1310,20,30,0.20701467291311676
1311,20,31,0.2388248253603685
1312,20,32,0.1879982895974984
1313,20,33,0.22839680153364475
1314,20,34,0.18663407297536574
1315,20,35,0.21268163535279255
1316,20,36,0.17260981525116445
1317,20,37,0.19847815655315673
1318,20,38,0.20311157357922816
1319,20,39,0.1529569803574637
1320,20,40,0.20372909309797657
1321,20,41,0.16046777602044446
1322,20,42,0.24066142466136595
1323,20,43,0.19541082147776095
1324,20,44,0.20131360580710825
1325,20,45,0.18525931145991748
1326,20,46,0.2257568799018816
1327,20,47,0.16733145897485985
1328,20,48,0.18521953898687046
1329,20,49,0.16823293283406499
1330,20,50,0.22861586034734144
1331,20,51,0.21841279744739778
1332,20,52,0.21496142749902292
1333,20,53,0.2622019713850068
1334,20,54,0.216186592137991
1335,20,55,0.2235054216052678
1336,20,56,0.23216193241000038
1337,20,57,0.2070091273155174
1338,20,58,0.17983317644402935
1339,20,59,0.20179353748226828
1340,20,60,0.2153204809268171
1341,20,61,0.1877030210554742
1342,20,62,0.26931833837735286
1343,20,63,0.24436842666320532
1344,21,0,0.16610368435788966
1345,21,1,0.16784853674974434
1346,21,2,0.1964854359473278
1347,21,3,0.28514063573586235
1348,21,4,0.22471509484396482
1349,21,5,0.217451029140499
1350,21,6,0.21799870995310316
1351,21,7,0.26430338147296684
1352,21,8,0.2123354034598072
1353,21,9,0.22640091089347758
1354,21,10,0.2690234174852604
1355,21,11,0.256568286861415
1356,21,12,0.22085055168666828
1357,21,13,0.35050268540364027
1358,21,14,0.213327734236033
1359,21,15,0.19754871638066746
1360,21,16,0.22819839526738248
1361,21,17,0.1646517695390195
1362,21,18,0.21052543233867382
1363,21,19,0.26611116386130224
1364,21,20,0.22481024590585624
1365,21,21,0.0
1366,21,22,0.2045904929613079
1367,21,23,0.2419230910509731
1368,21,24,0.2026462011981492
1369,21,25,0.1873019514693172
1370,21,26,0.21046028427216915
1371,21,27,0.20686702127366222
1372,21,28,0.25087764045212557
1373,21,29,0.2156015938406459
1374,21,30,0.2528433104958378
1375,21,31,0.2486627617684467
1376,21,32,0.21103418488052092
1377,21,33,0.21755289944212133
1378,21,34,0.27922791624315463
1379,21,35,0.21352174983360847
